31340 19364 1637 18707 28065 10719 26720 16480 30277 29078 25752 26851 24448 24283 11816 13146 30952 23933 12784 2099
15363 10366 2108 673 27398 32199 10657 25071 3299 14875 27432 9493 27267 29002 1455 1161 29008 22183 11403 15959
7927 2491 30578 26740 23148 6971 9113 15695 24110 24120 28697 5802 6092 22934 6551 2728 8360 28095 14628 24359
13307 664 2658 18255 17945 20917 23784 8043 8439 8393 13544 6904 10730 96 24335 6396 13489 25296 31661 4762
1974 8044 17686 22498 30097 13820 5448 3822 12238 26218 28366 10538 14064 28862 3300 17139 2997 4428 16091 8548
1436 3372 4799 17004 29349 25323 4920 13092 25688 29568 7342 8288 19976 14210 3504 21893 22617 21656 22167 7578
3584 10032 11366 15009 17866 5236 25333 26407 28128 14457 12879 5658 7241 17594 27480 25819 2224 8902 24499 29588
21352 12085 226 6092 15789 8416 31407 7480 14125 28754 19659 2260 25799 21369 10166 4659 1170 8609 4318 18195
21281 13220 4619 3381 22021 5210 30714 30316 12180 5463 25672 6899 24553 7126 13971 28163 5932 14832 4315 16549
32020 26642 31534 26310 4521 29357 27268 12937 2895 28719 12008 14817 22016 21299 3288 6750 6105 27892 1519 12103
24280 29704 5313 28138 23524 25419 24583 23600 20237 17689 10492 21876 2326 16064 30982 4501 9776 28724 21145 8778
26121 31749 26968 23222 17669 19343 9598 21821 15051 25457 30333 2965 16900 23616 14565 13600 3423 21372 13190 24441
3545 26818 28633 30029 11835 6980 29084 10092 26596 7031 4541 27679 5320 25867 121 2237 8889 13600 12997 22905
3046 12471 16109 19326 14497 20326 27771 15678 11877 24145 31578 14598 12311 12117 26171 15830 13196 18566 9272 2673
20556 10204 11703 7856 2965 28457 18578 26395 9635 3150 24437 18106 19503 12719 26759 29481 22070 13028 8012 22251
27899 6578 5578 28160 17999 1849 24810 20666 21520 13678 25634 24780 3312 11468 81 19620 12919 583 10730 23803
14412 12674 10837 16554 12464 26433 4242 19135 25163 20513 5408 22224 27435 16263 29981 18319 5386 17110 2222 21407
16079 29925 6305 5286 32600 9648 14161 3236 25975 10829 8394 5507 31034 26914 26158 28399 25200 30294 26712 24167
22632 21637 26046 5524 16124 11704 8092 21210 5326 6292 23119 28718 5842 15825 15614 21543 15629 29166 21632 31063
29852 5923 15738 32731 15095 23448 14792 32049 32375 10196 13599 32330 26646 20856 31984 28640 29303 26157 12175 24842
29222 8923 9876 21518 29472 27420 24706 4470 3990 21744 11686 12646 9198 7346 9282 20268 1035 5450 8171 6937
5582 26789 20528 16015 29916 15458 6780 18012 930 3790 21310 1862 3479 24595 4678 12519 24257 31660 9842 700
29819 30236 27787 22392 11125 13024 3434 31390 3836 1698 26463 31822 11644 18863 9939 30559 5699 28331 21035 32175
25735 29060 19696 7863 31659 12964 5677 15459 22718 4715 17945 8736 7493 24796 3830 4662 14138 30102 17721 15704
19028 1030 13035 22649 16009 32732 14927 17634 6098 9659 3013 32386 31534 31797 29422 17541 1257 24822 32529 12328

